points:
  - x: 48.758888888889
    y: 3.995
  - x: 48.757777777778
    y: 3.9941666666667
  - x: 48.761388888889
    y: 3.9922222222222
  - x: 48.76
    y: 3.9916666666667
